26.38232 6.221019
20.10276 11.18125
-23.42255 19.82954
4.764198 -6.09316
18.61369 -19.4181
13.83562 -11.19755
-4.54375 17.56317
16.83762 6.783161
-21.27152 -23.36707
-14.54253 -8.557888
23.48936 -21.3263
-30.45556 -27.98228
-10.13914 -0.7004641
26.07604 -14.07586
2.331784 2.011585
22.38232 19.22132
12.61778 31.15441
-26.80218 9.395651
-16.90805 -17.75586
22.78396 -13.26652
22.248 3.165455
3.203515 6.927854
-0.2183225 5.486421
15.2501 4.676924
-15.1668 -10.84927
-25.00858 -11.92147
-3.928092 9.812491
-6.849083 10.18206
15.25185 -3.954258
-4.585498 -13.26426
-4.734039 29.07509
3.718151 -33.81915
25.27527 30.38321
19.34769 -20.27164
32.75599 37.53499
-17.82446 19.22501
-3.107288 -11.02341
0.3904755 -2.234859
33.31294 -11.45022
-6.208608 11.39992
-15.53285 19.67996
7.54058 -1.012422
-4.199485 35.68283
20.31611 15.9841
27.19808 27.79083
3.763824 -21.18805
26.00761 -4.376008
34.1714 32.31925
22.7969 27.16763
31.79207 15.85773
23.5609 -21.11945
26.45918 25.0986
4.444366 -5.263243
4.67092 -14.21179
29.91765 20.29772
-24.20487 19.43331
17.83527 -13.05715
-11.87128 1.424915
-24.68988 -13.50272
-14.09784 2.936653
6.045953 -3.802247
-20.6016 0.5304279
-14.8138 29.67475
-27.23148 -26.78613
-11.37169 -5.667578
12.95179 -17.90612
0.4002379 19.09981
-26.73065 19.60804
-1.922288 -20.29545
-7.989176 -30.16577
0.4761508 -23.65904
23.93526 -5.962688
1.585942 25.7507
17.17601 -16.42073
25.71151 -24.16552
5.69905 21.27456
23.83449 -14.01085
-2.093133 -31.34587
6.142114 6.849083
-22.78168 -24.63511
21.03253 1.755563
2.583493 15.05345
-2.57211 27.16846
-30.59507 -17.05493
-28.37217 -16.62784
-27.52911 21.33036
-23.96518 -2.491265
-27.56846 28.96628
29.3924 3.51798
-24.30561 -25.12149
-27.85032 -3.842932
5.239037 -3.393497
4.603755 12.29583
-28.91156 -0.9591674
3.671012 2.935996
6.215875 1.414996
-35.69231 3.813451
11.47751 -18.80662
-29.59731 4.625024
-23.36292 -23.77365
7.105788 -33.14288
0.688375 -13.66701
-24.7372 -19.89404
-34.38567 1.732068
8.722445 0.1862381
-12.98386 -25.45647
-28.46099 0.5012655
6.080208 -28.57311
-26.48138 -18.524
-1.829727 2.133755
-25.95429 -18.84933
-22.72256 12.29583
3.835692 -26.31468
7.426131 -21.98834
-29.59731 -16.73265
-30.33296 2.416485
2.477008 -21.03742
5.208636 -0.9984175
0.8775811 -13.37531
-31.12945 -33.91226
-23.77365 0.6250239
4.340165 -30.12604
0.5012655 -2.095068
8.405194 -25.2853
-21.17903 0.9443133
5.548572 -32.69183
-10.93554 5.441359
-36.68928 -2.581179
1.331624 8.372404
-17.43684 -27.7685
-35.57133 -18.6216
0.2505259 -19.33242
-30.12604 -2.145168
-12.98386 -41.86087
-25.2853 -16.12245
-35.57133 8.405194
0.2505259 10.36482
-20.55369 8.483826
8.722445 -11.45876
6.080208 -22.72031
-27.57547 -35.52753
-16.11816 -30.1682
-20.90559 5.645478
-28.30102 7.420167
10.36482 3.729632
-15.14077 -27.82854
-1.673073 -23.36292
-33.14288 -22.80099
-4.07757 -29.00417
-21.64128 8.989295
-16.08313 -36.68928
2.173544 -3.106923
-3.842932 1.793452
-20.01611 -27.67099
-18.80662 -41.86087
-12.39857 11.47751
-23.25804 -13.70565
-1.279373 -15.68553
-25.45647 -12.16248
-1.279373 -14.80366
-23.49593 -38.45504
-24.88693 -21.0633
-15.14077 -31.12945
-28.31038 -5.427485
-30.56738 -2.145168
10.06936 -16.76928
7.105788 5.427485
-3.904419 -28.91156
3.813451 -20.89337
0.2358773 -36.32971
-2.104579 -24.12072
-18.30883 -3.106923
6.675519 -21.98834
0.8775811 -28.31038
-11.92867 8.989295
-19.62509 7.420167
0.006929256 -2.095068
