0 20
0 30
0 64
1 43
1 45
2 135
3 35
3 130
4 127
5 13
5 112
6 41
6 119
6 150
6 157
7 12
8 46
9 158
10 32
10 163
11 73
11 128
12 54
12 57
12 72
13 112
14 112
15 104
16 159
17 134
18 131
19 51
20 30
20 64
21 116
22 63
23 155
24 117
25 72
25 161
26 92
26 142
27 39
27 48
27 118
28 44
29 62
29 74
29 104
29 162
30 64
31 99
32 79
33 89
34 139
35 53
35 82
36 67
37 101
38 103
38 109
38 151
39 48
39 114
40 86
41 115
41 119
41 161
42 47
42 161
43 82
44 154
44 173
47 156
49 73
50 168
52 84
52 105
52 154
55 79
56 146
58 72
58 78
59 169
60 105
60 136
61 148
62 104
62 162
65 125
66 87
68 176
69 94
70 91
71 86
71 135
71 146
71 160
75 136
76 98
76 108
77 124
80 153
80 167
81 86
82 120
83 93
84 105
84 121
84 129
84 154
84 173
85 95
86 160
88 152
90 132
92 142
92 165
96 111
97 102
98 108
100 171
102 145
104 162
105 138
105 154
106 120
107 118
109 151
110 174
113 147
115 161
121 143
121 164
121 173
122 172
123 154
125 175
126 166
129 173
133 171
136 140
136 154
137 141
144 162
149 170
150 157
154 173
