-2.837094 -2.729698
-4.189465 -22.3124
-14.80729 -16.06807
-5.823187 6.536913
-20.96015 -16.4706
-17.61009 -16.42493
-17.12966 14.5558
-14.49248 6.555061
-0.8816178 -23.02085
-18.69245 -1.691714
1.759071 -0.9215523
-14.98768 11.19221
8.496793 19.47853
-2.505441 3.281077
6.96916 -20.11948
-22.47014 14.94367
-1.630541 -15.43745
-15.3758 -18.56091
6.677053 1.806396
8.058919 -9.186772
-11.04816 17.97215
5.097746 -14.35251
3.593446 17.59389
-17.45593 6.286987
16.64333 -4.684114
14.09489 2.508066
-14.45349 14.2303
-26.0542 11.18855
11.92913 21.28136
23.13319 7.540304
-3.006553 4.738614
13.27974 19.7696
-21.10596 18.432
-23.72932 -19.48817
14.60856 8.565542
10.04486 16.14025
-9.526156 5.038928
-12.8305 3.313467
0.2369884 -18.35127
-4.798305 12.77666
5.014831 -6.779917
-13.53844 -12.57024
-22.85176 9.310989
6.866243 9.758359
-16.41863 -8.622269
-24.32374 -0.3196123
6.394773 17.91777
-0.6796532 -3.714217
15.06841 -4.994127
-17.81707 -4.161579
-11.10003 -1.55719
1.416877 10.73131
8.622269 -27.57508
4.176719 -8.722817
3.300364 16.11494
6.681272 13.06611
-29.44949 -15.87459
-11.39813 -6.370139
-19.78221 -0.0724531
3.42956 1.294735
-18.22752 -12.36491
-9.076187 -18.87179
-17.89577 -2.315719
-12.41454 -7.602019
-10.45331 -5.101011
12.17035 -6.860265
-11.4724 3.304398
-20.39415 -9.500448
3.885767 12.03756
2.018342 -22.22336
12.17035 -12.04162
-17.73102 1.955398
13.73451 16.89701
-6.738146 -6.784754
-14.26459 17.73818
-17.02945 -14.62442
-12.40271 21.17279
16.18525 -16.19881
-18.87179 4.976969
3.22023 -1.357721
9.065867 -14.01416
6.931389 -8.959069
-9.466791 -10.16259
3.270996 8.693358
15.95719 4.862002
6.931389 -20.20149
-14.61284 5.174928
1.122594 -17.45602
-22.19676 -21.39785
16.42709 -10.16259
-17.45602 -8.71327
-6.741078 -22.56076
13.81108 3.22023
5.174928 19.38131
-18.96554 6.673922
-12.7736 10.76282
21.17279 10.34067
-22.22336 -0.5051371
-18.96554 -19.59265
-0.926484 -10.68522
3.280084 13.81108
-14.78696 -1.886664
23.91584 11.49377
-1.391462 -2.315719
-2.060406 23.91584
1.122594 -0.07987829
-1.920461 -6.741078
17.73818 4.862002
-3.885767 -11.40646
16.18525 -0.3382212
8.693358 -2.406727
-17.15902 -22.19676
-11.83227 -0.8257661
-17.73102 19.38131
-14.43872 -19.99737
7.368982 -9.423333
-21.39785 11.49377
