0 2
0 26
0 78
0 94
0 95
1 16
1 19
1 21
1 26
1 49
2 26
2 49
2 78
3 17
4 9
4 11
4 34
4 82
5 9
5 10
5 11
5 14
5 18
5 46
6 39
7 38
7 80
8 90
9 34
10 11
10 12
10 18
10 29
10 46
11 18
11 35
11 46
11 82
13 23
15 24
15 47
15 73
16 19
16 21
16 26
17 66
18 46
18 64
19 21
19 26
20 27
20 76
21 26
21 94
22 77
25 109
28 61
29 30
29 64
30 64
31 111
32 97
33 34
36 75
37 101
40 72
40 83
41 68
42 86
42 108
43 74
43 113
44 73
45 53
48 62
50 103
51 61
52 98
54 105
54 112
55 85
55 111
56 69
57 93
58 63
59 106
60 115
65 96
67 84
70 110
71 79
78 81
78 95
81 89
82 100
82 114
86 104
87 92
88 116
91 94
94 102
95 99
100 107
100 114
102 108
105 112
