0 2
0 27
0 106
0 134
0 135
1 16
1 19
1 21
1 27
1 70
2 27
2 70
2 106
3 17
3 30
3 194
4 9
4 11
4 41
4 117
5 9
5 10
5 11
5 14
5 18
5 66
5 163
6 51
7 46
7 110
8 128
9 41
9 163
10 11
10 12
10 18
10 28
10 66
11 18
11 43
11 66
11 117
13 23
14 163
15 25
15 67
15 95
15 111
16 19
16 21
16 27
17 87
18 66
18 85
19 21
19 27
20 31
20 102
21 27
21 134
22 105
22 201
24 82
24 178
26 156
28 34
28 85
29 190
30 194
32 115
33 131
34 85
34 114
35 158
36 137
36 183
37 138
38 151
39 41
40 166
41 195
42 199
44 98
45 143
47 180
48 52
48 176
49 170
50 173
53 200
54 93
54 118
54 188
55 89
55 152
56 122
56 155
56 164
56 182
57 185
58 97
58 160
59 200
60 116
61 95
62 153
63 126
64 120
65 74
68 83
69 150
71 145
72 82
72 109
73 140
75 147
75 159
76 121
76 158
77 90
78 133
79 84
80 109
80 148
81 192
82 178
86 136
88 119
91 157
91 178
92 108
94 179
95 111
96 197
99 174
100 169
101 182
102 189
103 165
104 174
105 201
106 112
106 135
107 165
109 148
112 127
113 121
117 142
117 161
117 186
122 146
122 182
123 174
124 132
125 193
126 153
129 134
130 144
130 146
134 144
134 164
135 141
135 164
136 173
139 198
142 153
142 161
144 155
147 159
149 169
152 202
154 187
155 164
159 171
162 196
167 181
168 184
172 175
177 191
