-8.036489 -6.309083
-9.16653 7.942057
2.104257 1.073934
15.07557 19.34641
5.013641 3.172592
-0.8835329 -0.2093499
-0.4561304 -27.29178
2.251083 12.4379
-4.1977 6.245905
-1.783165 -4.878225
5.431299 -5.07039
20.85032 -30.65537
13.89361 14.65345
28.94282 -6.800647
-3.113631 25.40108
8.874125 5.257154
25.38188 20.10682
-5.387447 11.44899
5.05779 -15.76781
0.6104113 6.731569
-22.74946 4.743638
-0.2959536 -2.577836
19.84717 -18.71912
20.86842 23.63487
7.404857 20.27541
-12.58649 11.71199
8.926864 -2.759832
14.04073 -14.48684
-2.441185 -1.741177
-23.98451 -7.220926
-17.41864 12.01812
-4.763585 -1.519491
-24.20737 18.91165
-0.3422264 11.71577
-17.6816 -24.03598
-8.727974 2.430061
11.38345 -20.91306
15.54807 2.74765
8.311028 19.64263
16.73255 -6.416959
10.52212 -26.85765
12.33387 -21.04519
-9.780545 -4.182612
-16.18201 4.575229
35.25265 -14.66098
16.27904 12.52812
34.95927 15.80112
32.44486 12.00512
31.52213 -22.4625
16.48358 -18.26356
-17.39411 2.143076
5.605451 5.483561
-21.31264 19.32945
-10.17363 1.022467
31.59569 10.55495
17.82433 10.46907
-12.73312 5.173082
-7.123643 22.01829
-20.78222 0.3403257
11.75706 31.88906
-27.57095 6.742054
-1.670874 -22.219
32.4664 24.23689
-1.638279 -15.13176
1.650056 -8.112977
-5.632953 16.74323
29.10282 13.36896
-6.05987 -8.346127
-14.98349 6.579796
-19.1314 -26.39511
-24.27665 -10.42108
-1.380985 -22.08271
-6.003971 -0.9335245
-3.27297 1.770812
9.15945 -21.8552
-27.39957 -2.753174
-14.31269 -2.331929
-8.037215 -4.134256
25.57924 12.53438
9.880005 0.2614073
-25.50659 0.3882327
-2.955314 3.269687
-4.983865 3.253015
-26.11304 9.585
-22.57813 -19.62465
16.91182 -2.053229
-20.46508 -13.78499
-20.5984 -23.82867
5.882775 28.8425
12.69892 29.08128
20.27129 6.221414
-0.2322711 3.535708
-25.94172 -5.104763
2.407331 -11.4008
14.56402 5.77959
22.03749 25.47891
-30.22123 20.87331
9.951814 7.123643
-6.3189 28.15854
-29.7587 -3.659539
-4.990378 17.45503
-14.13855 -20.23107
-16.47526 -18.1948
-28.15799 1.728456
4.892661 31.72311
12.95488 -38.70246
3.642951 5.708436
2.747257 8.213698
-11.73509 7.261265
21.80842 -17.59466
-27.05401 4.354255
-16.60517 36.59465
-19.13235 -29.40878
-11.73509 12.96355
21.39223 -30.1662
-18.08934 7.024268
14.28606 -29.94325
38.47221 -29.92811
4.125654 7.48908
28.27448 -33.83855
11.98872 46.36159
0.5672554 -34.94198
2.034397 -38.18117
1.83026 18.65371
8.915329 14.65183
6.275509 40.9349
22.08981 -36.48387
31.72311 42.63185
32.71128 -25.5062
5.269438 -24.34864
28.20657 -13.34093
31.77146 5.137386
26.09107 -4.976941
-9.045895 -8.944171
8.168579 4.285569
19.66622 -25.08639
-20.1182 -15.70639
-35.27357 14.81111
-22.658 8.168579
31.43883 29.42927
-32.39708 -21.07343
13.60789 17.86406
-26.85138 13.45797
-25.08639 13.60789
5.412468 -32.11669
-25.9666 -28.49501
7.146998 -32.39708
10.22471 12.45956
-23.8856 17.26669
23.96068 13.14824
-11.64397 18.65371
-18.91226 -33.25099
-25.64302 34.71709
44.83727 -16.1053
-26.36631 -20.52462
43.89745 12.45956
16.23106 11.25799
22.69807 -20.41772
30.5841 9.045895
-29.92811 5.137386
0.2446866 -24.79196
-28.49501 -8.944171
30.00669 -26.95433
-20.14937 -31.36982
-24.69056 -6.710633
-20.28564 -38.70246
-23.74727 -27.62381
4.125654 -31.36982
-21.07343 -21.74989
-22.46836 -33.57241
-32.1416 11.98872
-23.15092 -22.658
-24.44418 -1.893889
8.915329 -24.82277
-35.27357 -28.81676
33.70519 17.07716
-34.1908 -20.1182
46.36159 3.39188
-4.282679 10.09082
-25.07802 -30.1662
8.612696 28.85187
31.71092 -15.03781
-1.906919 -41.13361
5.762635 -23.11806
44.36735 -34.94198
-37.24983 6.007262
-33.7209 22.08981
30.71328 2.413935
-35.02814 -18.38898
2.413935 39.23801
16.09714 11.86563
17.26669 6.275509
-37.24983 -25.2662
-35.53544 6.007262
28.20657 -1.395922
10.09082 -27.84104
32.83953 14.28606
16.09714 -26.85138
-24.69056 -28.2875
3.052111 -41.13361
13.14824 -23.15092
-38.18117 32.24136
-29.20466 1.51432
